accuracy_1a =

    0.7761


confusion_1a =

   571    23     3
   343   213    17
     0     0   622
     
     
     

accuracy_1b =

    0.7744


confusion_1b =

   571    23     3
   347   211    15
     0     1   621



accuracy_2a =

    0.7720


confusion_2a =

   570    24     3
   348   207    18
     0     0   622
     
     
accuracy_2b =

    0.7743


confusion_2b =

   571    23     3
   345   210    18
     0     0   622




accuracy_2c =

    0.7743


confusion_2c =

   571    23     3
   346   210    17
     0     0   622
     
     

