accuracy_1a =

    0.8853


confusion_1a =

   106    17     2
     0   109    16
     7     1   117



accuracy_1b =

    0.9253


confusion_1b =

   114     8     3
     4   116     5
     6     2   117
     
     

accuracy_2a =

    0.8800


confusion_2a =

   106    17     2
     2   106    17
     6     1   118
     



accuracy_2b =

    0.8853


confusion_2b =

   106    17     2
     0   109    16
     7     1   117



accuracy_2c =

    0.8907


confusion_2c =

   106    18     1
     2   115     8
    10     2   113
    
    
    
